22843322
22843065
22842887
22842759
22842324
22842304
22842171
22840704
22840598
22840260
22840086
22839953
22839339
22839188
22838949
22838768
22838088
22837639
22837501
22837176
22837112
22836546
22836441
22836338
22836300
22836135
22836052
22835547
22833985
22833636
22833542
22833535
22833184
22833166
22833100
22832793
22832624
22832303
22831934
22823477
22823080
22823003
22822907
22821924
22821293
22820530
22820330
22819939
22819880
22819449
22819343
22819217
22818629
22817859
22817691
22817109
22817096
22816935
22816546
22816139
22815630
22815622
22815607
22815600
22815521
22815005
22814910
22814600
22813303
22812686
22812671
22812667
22812464
22812408
22812392
22812228
22812144
22812087
22811960
22831484
22831069
22830600
22830577
22830101
22829863
22829794
22829574
22828720
22828413
22827993
22827805
22827764
22826856
22826779
22825964
22825299
22823841
22823732
22823679
22811759
22811606
22811480
22811473
22810333
22809969
22809641
22809418
22808924
22808754
22808425
22808046
22807243
22806905
22806047
22805616
22805292
22805176
22805162
22805152
22793190
22793100
22792636
22792207
22791133
22791080
22790609
22790215
22790161
22790155
22789333
22788978
22788836
22788017
22787965
22787703
22787135
22787011
22786686
22785643
22785370
22785159
22784269
22783982
22783750
22783354
22783290
22783229
22783157
22782895
22782801
22782497
22782207
22781603
22780911
22779867
22779615
22779602
22779392
22779388
22804699
22803265
22799616
22799282
22798422
22797650
22797522
22797164
22797140
22796513
22796431
22796363
22796304
22796069
22795949
22795671
22794351
22794248
22793675
22793585
22771129
22771074
22770167
22769633
22769320
22769200
22768912
22768394
22768090
22767131
22766960
22766901
22766899
22766181
22765829
22765765
22765503
22765496
22765490
22765392
22757599
22757558
22757556
22756411
22756401
22756009
22755946
22755860
22755497
22755053
22754850
22754135
22752529
22752449
22752064
22751564
22751261
22750791
22750456
22750051
22779112
22778988
22778919
22778627
22778493
22778037
22777453
22777191
22777150
22776748
22775924
22775888
22774681
22774304
22774127
22773478
22773241
22773205
22773112
22773023
22763648
22762958
22762905
22762563
22762535
22762300
22762147
22762096
22762060
22761587
22761191
22761165
22761130
22760818
22759783
22759776
22759763
22759741
22759343
22758725
22749056
22748898
22748787
22748774
22748721
22748546
22748521
22748000
22747119
22747019
22745372
22744872
22744487
22744058
22743672
22743332
22743318
22743003
22742394
22742385
22742282
22742065
22741807
22740929
22740353
22740332
22739625
22738995
22738938
22738016
22737082
22736664
22736437
22736151
22736053
22735679
22735601
22734181
22732367
22732059
22732052
22731911
22731847
22731639
22731629
22731416
22731313
22731172
22731130
22731048
22731008
22728824
22728818
22728710
22728560
22728409
22727751
22727161
22727026
22725669
22725216
22725067
22724802
22723369
22723161
22723123
22723042
22722972
22722956
22722021
22722003
22721505
22721498
22720932
22720667
22720592
22720436
22720374
22720154
22719838
22719648
22719457
22718937
22718649
22718425
22718061
22717978
22717764
22717156
22716239
22715344
22714651
22714155
22713449
22713400
22712791
22711828
22711821
22711796
22711661
22696575
22696500
22695850
22695615
22695297
22695062
22694868
22694742
22694677
22694028
22693974
22693951
22692948
22692852
22692723
22692616
22692086
22691908
22691590
22691456
22711350
22710918
22710689
22710439
22709817
22709543
22709094
22708132
22707785
22707445
22706211
22705782
22705372
22705319
22704668
22704568
22704097
22703244
22703061
22702909
22702171
22702043
22701954
22701866
22701548
22701519
22701469
22701251
22700887
22700353
22700016
22699433
22698304
22698049
22697964
22697234
22697188
22696996
22696965
22696753
22690781
22690741
22690620
22690575
22690431
22690378
22690153
22689962
22689846
22689640
22689558
22689182
22687779
22687591
22687523
22687315
22687154
22686892
22686402
22686372
22685981
22685728
22685685
22685071
22684985
22684803
22684674
22684492
22684488
22684161
22683937
22683080
22683051
22682475
22681890
22681276
22681150
22680484
22680348
22680297
22680275
22680158
22680117
22680022
22679922
22679584
22679415
22679014
22678181
22678047
22677392
22676757
22676657
22676584
22676197
22676019
22675056
22674174
22674158
22673615
22672466
22672227
22672090
22671853
22671812
22671615
22670836
22670601
22670512
22670381
22669564
22669507
22669199
22668517
22668492
22667891
22667850
22667765
22666976
22666792
22666642
22666243
22666239
22666185
22666020
22665894
22665668
22665518
22665323
22665284
22665039
22663783
22663572
22663380
22662775
22662625
22661138
22660985
22660634
22660506
22660440
22660252
22659966
22659656
22659336
22658317
22657906
22657872
22657783
22657648
22657637
22657550
22656856
22656631
22656352
22656339
22655751
22655749
22655543
22655511
22653984
22653741
22652846
22652836
22652823
22652781
22652407
22652232
22651838
22649944
22649941
22649851
22649568
22649491
22649435
22648916
22648482
22648310
22647675
22647218
22646800
22646132
22646010
22645730
22645140
22645089
22645075
22644973
22643558
22643113
22642191
22642126
22641667
22641432
22641420
22641353
22640665
22640382
22639941
22639925
22634983
22634966
22632520
22632222
22631627
22631365
22631258
22631102
22630836
22630594
22630196
22629989
22629648
22629600
22629347
22629122
22629107
22629044
22628968
22628926
22639901
22639839
22639831
22639370
22639033
22638906
22638396
22638375
22638161
22638107
22637455
22637413
22637315
22636938
22636921
22636859
22636055
22635402
22635266
22635253
22624852
22624698
22623807
22623682
22623585
22623220
22623091
22623030
22622382
22622145
22621037
22620657
22620419
22618559
22618227
22617868
22616424
22615649
22615237
22614356
22614194
22613974
22613919
22613800
22613465
22613278
22613081
22612879
22612295
22612150
22611861
22610756
22610069
22609917
22609795
22609414
22609143
22608684
22607880
22607655
22628637
22628575
22628127
22628071
22627087
22626462
22625886
22625884
22625723
22625632
22625591
22625511
22625286
22625192
22625167
22625122
22625081
22625055
22625035
22624881
22607227
22606968
22606751
22605583
22605540
22605280
22604924
22604404
22603709
22603379
22603282
22603212
22603202
22602424
22602319
22602073
22602028
22601884
22601741
22601714
22601349
22601298
22600867
22600768
22599236
22596819
22596404
22596376
22596329
22596181
22595916
22595535
22594607
22594225
22594083
22594066
22593585
22593296
22592608
22592309
22591703
22591543
22591050
22591038
22590724
22590113
22588697
22588073
22588043
22587911
22587879
22587767
22587625
22587473
22587251
22587017
22585241
22585188
22584986
22584940
22584740
22583866
22583514
22583501
22582466
22582437
22582311
22582137
22582113
22582079
22581277
22580951
22580281
22580264
22580101
22579989
22579919
22579737
22579666
22579639
22574247
22574168
22573771
22573040
22572922
22572483
22571569
22571314
22571292
22571126
22570978
22570873
22570854
22570729
22570662
22570249
22570081
22569919
22569681
22569523
22579215
22578959
22578868
22578573
22578533
22578471
22578267
22577371
22577127
22577081
22576603
22575668
22575614
22575092
22574757
22574716
22574629
22574368
22574322
22574320
22569111
22567468
22567212
22567122
22566742
22566283
22566199
22566179
22565960
22565671
22565169
22564971
22564495
22563572
22563353
22563319
22563308
22563288
22562839
22562794
22562608
22562249
22561378
22561190
22560875
22560597
22560571
22560098
22560065
22559947
22559888
22559089
22558986
22557300
22555542
22554729
22553091
22552088
22552052
22551934
22551519
22551026
22550969
22550633
22550381
22549596
22549117
22548718
22548692
22548070
22547693
22547562
22547447
22547382
22547341
22547234
22547168
22546672
22546634
22546155
22540540
22540476
22540411
22540338
22540229
22540203
22539627
22538719
22538713
22537575
22537436
22537419
22537206
22536529
22536175
22535552
22534966
22533763
22533591
22533494
22545718
22545637
22545088
22544705
22544468
22544231
22544227
22543715
22543707
22543449
22542966
22542720
22542645
22542603
22542589
22542532
22542236
22542092
22542069
22541221
22533328
22531556
22531195
22531071
22531034
22530961
22530878
22530496
22530416
22530280
22530010
22530005
22529948
22528861
22528610
22528512
22527784
22527366
22527041
22525441
22525370
22525258
22525243
22525094
22524334
22523176
22522935
22522805
22522738
22522492
22522054
22521902
22520738
22520338
22519746
22518822
22518772
22517697
22517634
22517507
22500454
22499699
22499067
22498785
22498210
22497282
22496535
22496425
22495780
22495601
22495094
22494905
22493851
22493633
22493334
22493309
22492588
22492420
22492209
22491228
22511770
22511717
22509381
22508405
22507372
22506243
22505714
22505311
22505253
22504918
22504208
22503854
22503301
22503236
22502506
22501715
22501241
22500984
22500840
22500756
22515979
22515832
22515636
22515110
22514912
22514787
22514496
22514091
22514021
22513762
22513608
22513345
22513325
22513149
22513119
22512740
22512720
22512538
22512383
22512141
22491091
22491049
22490453
22490333
22490070
22490027
22489997
22488938
22488618
22486469
22485580
22485453
22484770
22484689
22484463
22484414
22483878
22483487
22483476
22483134
22482452
22480985
22480788
22479817
22479784
22479170
22478813
22478638
22477643
22477318
22476530
22476407
22476251
22475449
22475310
22474663
22474261
22473261
22473086
22472462
22458250
22456448
22455680
22454934
22454353
22453906
22453561
22453121
22452278
22451935
22450567
22450452
22450423
22450218
22449629
22449472
22448403
22447998
22447988
22447765
22465200
22463838
22463559
22463190
22462772
22462575
22462458
22462177
22461693
22460981
22460885
22460789
22460416
22460247
22460132
22459813
22459509
22459475
22458984
22458315
22472216
22472197
22472156
22471893
22471464
22471365
22471036
22470747
22470093
22470050
22468276
22468136
22467346
22467258
22467110
22466594
22466536
22466406
22466186
22465632
22437407
22437022
22436922
22436897
22436417
22436287
22436218
22435978
22435670
22435267
22435211
22434345
22432938
22432531
22432287
22432017
22430906
22430253
22429830
22429640
22441879
22441801
22441387
22441114
22440796
22439935
22439925
22439874
22439861
22439707
22438948
22438570
22438467
22438331
22438180
22437934
22437830
22437775
22437765
22437713
22425480
22423196
22422715
22422100
22421659
22421192
22420788
22420607
22419798
22419248
22419244
22419216
22418793
22418611
22418429
22417865
22416345
22415177
22415157
22415018
22429576
22429152
22428804
22428607
22428328
22427959
22427819
22427676
22427665
22427651
22426928
22426805
22426636
22426559
22426130
22425949
22425774
22425668
22425625
22425541
22447556
22446722
22446491
22445832
22445552
22445040
22445006
22444979
22444900
22444526
22444160
22444086
22444006
22443414
22443298
22443247
22443210
22443131
22442401
22442122
22405630
22405512
22405354
22405195
22405006
22403622
22403560
22402811
22402715
22402660
22402453
22402435
22401883
22401735
22401710
22401498
22399548
22399202
22398847
22398388
22414829
22414527
22413881
22413422
22413145
22412122
22412070
22411364
22411309
22410997
22410550
22410540
22409481
22408958
22408809
22408484
22407901
22406600
22406466
22406325
22398251
22398216
22397932
22397799
22397196
22397045
22396622
22396101
22396040
22395892
22395583
22395310
22394178
22394126
22393869
22392742
22392653
22392237
22392140
22392008
22391613
22390327
22390173
22390096
22390083
22389901
22389431
22389038
22387549
22387022
22386654
22386586
22386547
22385949
22384348
22384179
22383626
22383388
22383118
22383005
22374716
22373011
22372932
22372858
22372640
22372047
22370423
22370404
22369996
22369810
22369748
22369660
22369253
22369213
22367358
22367344
22366683
22366664
22366617
22365840
22364266
22363834
22363142
22362698
22362283
22361991
22361488
22361135
22359946
22359923
22359427
22358165
22357876
22357805
22357558
22357362
22357101
22356372
22354763
22354137
22341212
22340723
22340175
22339832
22339639
22339584
22338636
22338554
22337699
22337609
22337108
22337074
22337043
22335645
22335247
22334372
22334346
22334245
22334015
22333161
22382616
22380809
22380575
22380153
22380137
22380104
22380012
22379766
22379529
22378349
22378198
22377183
22377058
22377036
22376309
22375542
22375288
22375280
22375110
22374851
22332562
22332274
22332271
22332201
22332071
22331827
22330625
22330034
22329893
22329855
22329738
22328845
22328633
22328582
22327897
22327502
22326805
22326402
22326353
22326321
22353704
22352977
22352778
22351539
22350050
22349342
22347432
22347358
22346751
22346393
22346303
22345667
22345292
22344171
22344132
22343097
22342691
22342352
22342280
22341592
22316021
22315586
22315264
22315062
22314981
22314564
22314285
22314226
22313873
22313777
22311579
22311004
22310864
22310849
22310666
22310579
22310032
22310014
22309429
22307455
22306430
22305747
22305288
22305222
22304786
22304622
22304555
22302616
22302602
22302582
22301714
22299065
22298841
22297800
22296756
22296566
22295281
22295231
22294990
22294226
22293967
22293663
22293538
22293519
22293246
22293053
22292820
22292749
22292167
22292115
22291745
22291517
22290858
22290454
22290406
22290240
22290210
22289925
22288487
22288035
22287904
22287787
22287448
22287043
22286260
22285995
22285911
22285065
22284940
22284301
22284090
22283758
22283744
22283596
22283393
22283252
22283189
22282935
22281825
22281192
22326191
22325986
22325434
22324760
22324310
22323537
22323031
22322861
22322464
22322439
22321937
22321925
22321686
22321114
22320143
22319776
22318944
22317852
22317123
22316729
22281159
22280764
22280745
22279529
22279155
22278516
22278428
22277751
22277526
22276992
22276732
22275871
22275851
22275799
22273840
22272110
22271947
22271939
22271877
22270947
22257888
22256995
22256889
22255775
22255627
22255481
22255464
22255237
22254821
22254763
22254659
22254610
22253753
22253298
22253261
22252425
22252239
22252198
22250356
22250345
22237233
22237169
22236605
22236144
22234668
22234047
22233979
22232960
22232828
22232462
22232366
22231231
22229822
22229365
22229252
22229103
22227724
22227681
22227593
22227462
22226852
22226467
22226195
22225792
22225735
22225446
22225311
22225087
22224745
22224495
22223476
22223311
22222750
22222565
22222331
22221965
22221901
22221111
22220446
22219377
22219270
22218874
22218388
22216070
22215891
22215847
22215574
22215360
22215307
22215289
22215263
22215096
22214942
22214090
22213877
22213325
22212789
22212733
22211610
22210476
22209973
22208826
22208522
22208486
22207882
22207826
22207484
22207237
22207093
22206781
22206615
22205621
22205404
22204981
22204219
22203909
22202693
22202640
22202499
22201883
22193688
22193437
22192866
22191423
22191172
22190590
22190363
22189722
22189194
22188911
22188405
22187892
22187230
22186924
22185615
22185490
22184560
22183804
22182793
22182714
22243252
22242570
22242337
22242318
22242053
22241860
22241329
22241196
22241177
22240985
22240950
22240135
22239733
22239288
22238957
22238581
22238498
22238172
22237860
22237797
22182640
22182579
22182501
22182327
22182271
22181994
22181240
22179450
22179051
22178747
22178523
22178396
22177883
22177729
22177616
22177398
22176371
22175508
22175456
22174317
22174141
22173469
22173164
22172334
22171627
22171540
22171231
22169562
22168259
22168251
22168240
22168216
22167139
22167104
22166760
22166584
22165518
22164357
22164152
22163972
22269665
22269465
22267874
22266814
22266239
22265934
22265377
22264072
22263502
22263389
22262937
22262827
22262241
22261680
22261505
22260606
22260131
22259701
22258735
22258648
22157874
22157728
22157614
22157117
22156772
22156336
22155947
22154731
22154708
22154009
22153535
22153413
22153371
22153241
22152909
22152844
22152620
22152339
22150776
22150685
22150619
22150428
22148873
22148304
22147354
22146591
22146444
22145262
22144692
22144377
22144259
22144212
22144051
22143791
22143464
22143163
22142772
22141704
22141417
22140661
22140075
22139969
22139502
22138900
22138561
22137392
22137332
22136749
22136600
22136056
22136027
22135457
22134970
22134559
22134174
22134111
22134037
22133976
22133933
22133009
22130298
22130157
22130124
22130071
22129741
22129361
22128853
22128501
22128317
22127957
22127927
22127601
22125917
22125549
22125120
22124130
22124039
22122632
22122543
22122319
22162981
22162595
22162559
22162307
22161887
22161603
22161502
22161270
22161202
22160596
22160551
22160104
22160008
22159424
22159214
22158940
22158189
22158043
22157946
22157940
22122115
22120787
22120346
22120247
22120236
22119540
22119497
22119295
22118801
22118528
22118325
22117951
22117016
22116476
22116209
22116117
22115652
22114867
22114489
22114230
22250296
22250016
22249431
22249228
22249191
22247860
22247649
22247567
22246993
22246975
22246967
22246579
22246247
22246028
22245774
22245686
22245242
22244778
22243997
22243401
22201456
22200853
22200341
22199845
22199656
22199162
22198884
22198872
22198671
22198530
22198316
22197471
22197355
22196709
22196055
22195676
22195007
22194694
22194655
22194188
22105950
22104861
22104727
22104484
22104289
22104264
22104259
22103930
22103815
22103673
22103610
22103534
22103334
22103013
22102910
22101674
22101521
22100218
22099730
22099612
22098850
22097351
22096607
22096544
22096450
22095933
22095870
22095241
22094650
22094196
22093278
22093213
22092633
22092520
22092227
22092198
22092039
22091913
22091071
22090028
22078415
22078367
22078315
22078084
22077826
22077440
22077337
22076538
22075782
22075680
22075669
22074805
22074740
22074075
22074022
22073167
22072988
22072384
22071324
22071296
22071203
22070613
22068434
22068183
22068142
22067988
22066475
22066319
22065802
22065799
22065678
22065114
22065090
22064954
22064947
22064282
22063420
22062889
22062285
22061474
22060988
22060919
22060607
22060284
22060029
22059928
22058871
22058721
22058357
22058167
22057962
22057420
22057406
22056834
22056705
22056169
22055998
22055540
22055437
22054574
22113282
22113023
22112935
22112745
22112383
22111855
22111345
22110810
22110473
22110434
22109201
22109109
22108563
22108185
22108106
22107676
22107549
22107403
22107254
22105954
22054187
22054155
22053977
22053834
22053649
22052973
22052716
22052381
22052240
22051493
22051451
22051206
22050419
22049942
22049738
22049382
22049196
22048612
22048300
22046761
22046696
22046554
22045209
22045206
22045137
22044899
22044473
22044331
22043489
22042381
22042327
22042126
22041055
22040856
22040774
22040772
22040663
22039914
22039689
22038753
22089563
22089545
22087994
22087892
22086613
22085003
22084999
22084840
22084163
22083897
22083418
22081029
22080692
22080463
22080052
22079938
22079921
22079524
22079186
22079182
22038680
22038359
22038179
22037831
22037273
22037255
22036254
22036066
22035880
22035801
22035670
22035494
22035412
22035386
22034695
22033554
22033525
22033018
22032739
22032644
22032384
22032082
22031657
22031025
22030973
22029858
22029347
22029317
22029214
22028594
22028490
22028164
22027786
22027570
22026716
22026610
22026450
22026116
22025759
22025417
22025337
22024948
22023938
22023932
22023902
22023258
22023199
22022968
22022698
22022633
22022590
22022575
22021613
22020940
22020903
22019628
22019347
22018869
22018466
22018158
21994243
21994095
21994035
21993777
21993455
21992629
21991333
21991232
21990658
21990529
21989292
21988741
21988349
21987965
21985730
21985560
21985341
21985245
21983830
21983543
21983048
21982820
21982706
21982674
21982423
21981685
21980611
21980014
21979967
21978984
21978795
21978770
21978652
21978549
21978338
21977387
21977270
21977253
21976505
21976443
21975803
21975117
21974927
21974395
21973710
21973662
21973534
21973321
21972927
21972382
21972303
21971704
21971336
21971068
21970214
21969657
21969477
21968513
21968347
21967729
21960374
21960341
21959444
21959431
21957559
21957159
21956369
21956155
21956131
21956049
21955562
21955468
21954757
21954344
21954000
21953544
21953279
21952354
21951517
21951277
21951164
21950909
21950256
21950242
21950044
21949712
21948982
21948657
21948129
21945898
21944532
21944280
21944117
21942895
21942472
21941669
21940497
21940375
21940278
21939156
22016515
22016343
22016044
22015403
22014683
22014532
22013867
22013818
22013435
22012528
22012081
22011968
22011894
22011784
22011240
22011029
22010595
22010428
22010071
22008746
21966994
21966446
21966263
21965825
21965750
21965561
21965385
21965305
21965173
21965114
21964850
21964615
21964419
21963269
21962831
21962747
21962571
21962372
21961963
21961523
21928746
21928347
21926909
21926871
21925936
21924724
21924199
21923656
21922383
21922267
21922067
21921796
21921566
21921418
21920443
21920104
21919791
21919754
21919050
21918932
22008342
22007568
22006945
22004361
22004282
22003717
22003230
22003159
21999470
21999422
21998671
21997066
21996969
21996165
21995309
21995111
21994803
21994719
21994392
21994381
21918881
21918215
21917834
21917733
21917644
21917442
21917157
21915833
21915310
21915129
21915082
21914494
21914429
21913590
21913007
21912465
21912290
21911982
21911901
21910668
21909304
21909172
21908533
21908048
21907600
21907320
21907090
21906914
21906528
21906351
21906162
21905988
21905718
21905330
21904176
21903330
21900645
21900570
21900518
21900152
21886528
21886027
21885756
21885542
21885183
21884776
21884531
21884374
21884097
21883554
21883345
21882328
21882326
21882089
21882051
21881860
21881748
21881685
21879810
21879784
21898735
21898142
21897544
21897105
21895079
21894351
21893687
21893037
21892972
21891960
21891775
21891036
21890889
21889466
21889369
21889244
21888213
21887889
21887625
21887195
21935106
21934996
21934362
21934119
21933966
21933418
21933388
21933302
21932792
21932736
21932626
21932508
21931818
21931543
21931530
21931527
21930342
21930262
21929644
21928911
21879666
21879023
21878798
21878577
21877889
21877604
21876039
21875837
21874392
21871366
21871214
21871127
21870935
21870501
21870269
21870213
21869705
21868851
21868672
21867446
21866821
21866793
21866089
21865574
21865453
21865336
21864276
21863911
21863731
21863516
21863021
21862981
21862301
21862172
21861191
21861173
21861100
21860782
21860478
21860000
21850147
21849015
21848678
21848282
21847394
21846639
21846611
21845881
21845613
21845547
21845062
21844897
21844612
21844462
21843808
21843508
21843322
21842983
21842787
21842355
21842107
21841405
21841327
21840000
21839955
21839879
21839802
21839761
21839417
21839269
21838562
21836617
21835980
21835364
21833670
21833610
21833427
21833260
21833249
21832625
21819274
21818590
21818516
21818358
21818087
21817768
21817313
21816342
21816305
21816182
21816005
21815821
21815271
21814971
21812941
21812419
21811756
21811255
21810489
21810479
21832573
21832254
21831932
21831810
21831624
21831371
21831292
21830249
21830242
21829477
21828010
21827550
21827510
21827350
21827285
21827272
21827175
21827122
21827075
21826701
21810171
21810117
21810025
21806499
21806058
21805880
21805720
21804653
21804229
21804003
21803092
21802403
21802148
21801901
21801403
21801117
21801051
21800893
21800876
21799580
21799365
21799297
21799134
21799085
21798630
21798332
21797891
21797887
21797868
21797306
21796474
21795961
21795940
21795358
21794347
21794345
21793812
21793660
21792627
21792430
21826622
21826546
21826466
21826463
21825984
21825441
21824959
21824604
21824336
21824023
21823766
21823235
21822788
21821694
21821210
21821075
21820635
21820582
21820037
21819999
21792346
21792338
21791689
21790847
21790645
21790616
21790601
21789987
21789852
21789666
21789360
21789294
21788666
21787986
21787464
21787417
21786999
21785938
21785766
21785589
21859877
21859175
21858494
21858177
21858148
21857685
21857652
21857620
21857531
21857246
21855773
21855013
21854664
21853579
21852926
21852756
21852598
21852287
21851498
21850700
21785375
21785209
21784611
21784381
21784301
21784299
21783785
21783686
21782960
21782920
21782876
21782356
21782074
21781828
21781781
21781744
21781533
21781450
21781372
21781307
21780999
21780781
21779586
21779257
21779003
21778743
21778483
21778133
21777973
21777875
21777403
21776683
21776277
21775890
21775569
21775505
21774564
21774480
21773857
21773803
21773011
21772932
21772790
21772598
21772582
21772381
21771844
21771452
21770860
21770634
21769246
21769025
21768848
21768366
21768186
21768126
21767923
21767911
21767534
21767444
21754962
21754847
21754832
21754760
21754668
21754529
21754518
21754476
21754262
21753980
21753890
21753116
21752597
21752524
21752201
21751879
21751277
21751155
21750422
21750318
21749958
21749753
21749515
21749385
21749167
21749106
21749040
21748179
21748056
21747759
21747438
21747346
21746797
21746786
21746727
21746720
21746708
21746600
21746551
21746393
21736450
21736279
21736195
21735638
21735436
21735039
21734673
21734618
21734418
21734381
21734007
21733999
21733947
21733669
21733609
21733564
21732053
21731748
21731716
21731622
21761017
21760868
21760621
21760472
21760445
21759902
21759425
21758107
21757680
21756660
21756606
21756373
21756251
21756051
21755990
21755789
21755644
21755577
21755363
21754993
21741689
21741645
21741161
21741153
21741097
21741052
21740972
21740824
21740768
21740271
21739899
21739893
21738241
21738082
21737242
21737150
21736873
21736851
21736771
21736472
21712846
21712816
21712488
21712467
21712321
21712282
21712175
21711848
21711822
21711727
21711378
21710887
21709570
21709014
21708267
21708089
21708041
21707731
21706945
21706935
21731168
21730603
21730482
21730478
21730310
21729950
21729884
21729457
21729441
21729438
21729014
21728147
21728083
21727970
21727614
21727441
21727066
21726709
21726563
21726509
21706375
21706160
21706052
21705753
21704506
21704143
21702535
21702116
21702107
21702105
21702093
21702087
21702074
21701784
21700707
21700303
21699864
21699649
21698286
21697890
21721365
21720979
21720978
21719604
21719435
21718072
21717199
21717056
21715235
21715160
21715100
21714508
21714163
21714095
21714093
21714037
21713882
21713746
21713581
21713041
21767171
21766439
21765779
21765274
21764988
21764739
21764642
21764216
21764204
21763835
21763706
21763679
21762993
21762821
21762582
21762444
21762440
21762224
21761498
21761046
21745830
21745047
21745013
21744568
21744037
21743861
21743831
21743798
21743656
21743439
21743378
21743171
21743080
21742849
21742844
21742790
21742725
21742043
21741989
21741826
21697585
21697214
21697049
21696521
21696093
21696005
21695811
21695371
21695037
21694958
21694717
21692319
21692213
21691842
21691768
21691719
21691630
21691433
21690634
21690400
21690188
21689893
21689526
21688744
21688497
21688232
21688022
21687617
21687466
21687316
21686941
21686824
21686388
21686140
21685496
21685446
21685382
21685325
21685269
21685112
21726415
21726390
21725918
21725877
21725638
21725389
21725092
21724932
21724907
21724747
21724704
21724137
21724006
21723947
21723788
21723776
21723540
21722642
21721885
21721829
21679901
21679795
21679650
21679210
21679070
21679038
21678790
21678333
21678054
21677950
21677787
21677457
21676855
21676573
21676370
21676327
21676313
21676083
21675867
21675004
21685038
21684999
21684845
21684700
21684464
21683968
21683682
21683286
21683281
21683005
21682368
21682137
21682114
21682002
21681984
21681791
21681084
21680770
21680424
21680342
21674670
21674285
21673890
21673779
21673744
21673735
21673701
21673691
21673688
21673673
21673233
21672113
21671707
21671525
21671361
21670938
21670439
21670406
21669215
21669201
21668384
21667483
21667340
21667258
21667216
21666926
21666211
21665990
21665890
21665451
21664838
21664632
21663965
21663870
21663213
21662778
21662144
21662044
21661792
21660433
21653563
21653362
21653360
21652334
21652232
21652204
21651897
21651639
21651091
21650745
21650723
21650255
21649801
21649242
21648610
21648416
21648404
21647988
21647915
21647904
21636105
21635764
21635649
21635610
21635284
21635227
21635016
21633752
21630824
21630805
21630368
21628855
21628415
21625962
21625488
21624933
21624284
21624015
21624006
21623217
21642126
21642095
21642028
21641950
21641938
21641402
21641223
21641141
21640041
21639875
21639849
21639833
21639299
21638451
21638064
21637982
21637887
21636843
21636419
21636348
21647552
21646361
21645926
21645788
21645468
21645133
21644162
21643693
21643541
21643351
21643206
21643197
21642854
21642778
21642658
21642583
21642487
21642467
21642211
21642176
21622657
21619867
21619585
21619162
21619020
21618631
21617777
21617611
21617501
21616765
21616593
21616276
21616108
21616057
21616022
21615930
21615473
21614976
21614853
21614639
21614461
21614451
21614215
21614033
21613457
21613381
21612409
21611388
21611359
21610953
21609977
21609651
21609046
21608524
21607591
21605515
21605352
21604851
21604828
21604542
21604236
21604087
21603953
21603839
21603796
21602677
21602540
21602320
21602305
21601837
21601380
21601046
21600880
21600876
21600616
21600272
21600243
21599452
21599143
21598683
21660177
21659959
21659781
21659665
21659542
21659336
21659092
21658984
21657730
21657461
21657057
21656829
21656320
21654869
21654843
21654544
21654402
21654325
21654285
21653959
21598229
21597471
21597238
21595589
21595427
21595063
21594590
21594538
21594304
21593954
21593610
21593131
21593019
21592652
21592286
21592282
21592071
21591658
21591331
21590819
21582085
21581877
21581573
21581479
21581233
21580959
21580396
21580258
21580170
21580033
21579657
21579032
21578202
21578112
21577690
21577608
21577423
21577407
21576568
21576339
21590482
21590113
21590055
21588267
21588254
21587866
21587792
21587360
21586532
21586056
21585278
21585265
21584813
21584786
21584204
21583442
21582940
21582884
21582779
21582194
21576310
21576200
21575729
21575462
21575043
21574757
21574677
21574483
21574130
21573595
21573571
21573374
21573058
21572313
21572190
21572169
21572061
21571693
21571572
21570897
21570824
21570161
21570103
21569781
21569256
21568954
21568914
21567977
21567954
21567632
21567275
21567091
21566796
21566511
21566460
21565960
21565805
21565466
21565388
21565254
21565041
21564848
21564736
21564117
21563976
21563148
21563000
21562975
21562883
21562659
21561003
21560837
21560306
21560300
21560214
21560199
21559484
21558874
21558827
21558762
21539685
21539330
21539275
21539156
21539121
21539114
21538824
21538553
21537738
21537038
21536142
21535448
21535438
21534394
21534235
21533296
21532894
21532797
21532766
21532641
21549681
21548996
21548358
21547589
21547427
21547346
21547178
21546779
21545861
21544405
21544382
21544157
21543722
21543551
21543359
21543324
21541673
21541260
21540700
21540571
21522243
21521643
21521543
21521011
21520925
21520899
21520855
21520834
21520650
21519221
21518822
21518673
21518223
21517735
21517090
21516997
21516898
21516551
21516241
21516117
21531759
21530911
21530535
21530417
21529877
21529037
21528944
21528604
21528025
21527405
21526418
21525934
21524636
21524334
21524170
21524107
21522699
21522613
21522439
21522408
21504682
21504044
21503971
21503962
21503887
21502669
21502308
21502122
21501993
21501247
21500903
21500460
21500417
21499964
21498838
21498349
21498219
21498122
21498041
21496803
21558671
21558494
21558321
21558152
21557881
21557726
21557436
21555402
21555392
21554105
21554101
21554011
21553851
21553296
21553293
21552311
21552271
21551839
21551064
21550345
21496734
21496711
21496679
21495399
21494568
21494488
21492789
21492399
21492298
21492044
21491753
21491011
21490263
21490004
21489468
21488690
21488644
21488503
21487794
21487654
21487543
21487101
21486288
21486242
21485830
21485376
21484998
21484401
21484369
21484216
21484140
21483787
21482748
21482439
21482170
21482125
21481834
21481602
21481120
21480523
21515096
21514819
21514674
21514064
21513623
21512306
21512057
21511616
21511593
21509962
21509906
21508562
21508214
21508052
21507740
21506270
21505718
21505008
21504865
21504814
21469322
21467765
21467587
21467406
21466833
21466521
21466250
21466085
21465798
21465124
21464328
21464297
21463771
21463081
21462867
21462822
21462553
21461992
21461912
21461739
21480478
21480087
21480038
21480033
21480005
21479614
21479372
21479227
21478977
21478975
21478753
21478207
21477709
21477518
21477278
21477003
21476790
21476667
21475885
21475695
21461516
21461061
21460843
21460076
21460047
21459914
21459066
21459013
21458987
21458880
21458738
21458671
21458270
21458224
21457842
21457344
21457110
21456589
21456506
21456459
21475284
21474939
21474739
21474391
21473988
21473932
21473190
21472879
21472839
21472563
21472177
21471986
21471903
21471646
21471251
21470808
21470681
21470338
21469849
21469550
21454985
21453921
21453394
21453381
21453037
21452948
21452212
21451875
21451448
21450968
21450746
21450509
21450214
21449614
21449562
21449386
21449346
21448412
21448105
21447758
21442409
21442261
21442176
21442155
21441780
21441528
21441520
21441518
21441241
21441215
21440849
21440818
21439460
21439376
21438974
21438918
21438916
21438585
21438567
21438506
21437722
21437654
21436797
21436137
21435631
21435402
21435279
21435198
21435139
21435118
21434805
21434788
21434681
21434307
21434105
21433910
21433107
21431390
21431266
21431043
21417784
21417195
21417173
21417157
21417064
21416436
21415568
21415382
21415280
21414998
21413380
21413017
21412485
21412382
21412140
21411696
21411590
21410524
21409036
21409018
21430732
21430480
21430310
21430071
21429540
21429270
21428458
21428027
21427987
21427891
21427860
21427563
21426920
21426433
21425919
21425869
21425390
21423194
21423189
21423117
21401623
21401518
21401344
21401156
21401073
21399924
21398860
21398416
21398307
21398296
21398192
21397811
21397658
21397515
21396969
21396933
21396372
21396172
21395200
21395193
21408931
21408616
21407861
21407693
21406851
21406450
21406104
21405679
21405237
21405029
21404595
21404203
21404179
21403985
21403836
21402660
21402567
21402467
21401867
21401645
21447691
21447029
21446816
21446762
21446709
21446703
21446436
21446180
21445983
21445753
21445282
21444954
21444780
21444749
21444733
21444607
21443333
21443204
21442695
21442471
21394636
21394207
21394175
21394055
21393876
21393862
21393642
21393232
21393205
21392736
21392556
21392473
21392149
21391819
21390850
21390767
21390609
21390567
21389544
21389537
21389519
21389514
21389505
21388849
21388529
21388068
21387917
21387913
21387678
21387029
21386423
21386372
21386176
21386087
21385754
21384885
21384641
21384634
21384195
21384046
21383858
21383793
21383732
21383702
21382553
21381923
21381581
21380917
21380678
21380561
21380474
21379762
21379638
21379532
21379450
21379384
21378804
21378548
21378279
21378142
21378059
21377542
21377538
21377163
21377080
21377022
21376668
21376558
21376492
21376458
21376440
21376300
21376089
21375916
21375314
21374950
21374604
21374036
21373922
21373642
21365956
21365898
21365853
21365836
21365711
21365164
21365125
21364463
21364020
21362936
21362594
21362543
21361963
21361959
21361613
21361174
21360930
21360641
21360636
21360592
21360542
21360541
21360310
21360129
21359690
21359689
21359440
21359249
21359243
21358951
21358882
21358748
21358440
21357093
21357031
21356442
21356425
21356378
21355970
21355581
21373211
21372582
21372535
21371482
21371329
21371320
21371032
21370819
21369683
21369580
21369555
21368761
21368751
21368418
21367604
21367376
21367185
21366230
21366192
21366109
21348166
21348106
21347721
21347338
21346147
21345000
21344123
21343730
21343252
21343136
21342914
21342766
21342059
21341865
21341429
21341325
21340616
21340458
21340263
21340229
21324381
21324375
21324202
21324160
21324009
21323960
21323346
21322919
21322862
21322701
21322553
21322434
21322323
21322263
21322159
21322054
21321668
21321392
21321210
21320742
21333019
21332964
21332053
21331392
21331306
21331185
21330658
21330151
21329905
21329797
21329478
21329086
21328171
21327483
21325903
21325496
21325436
21324916
21324795
21324523
21422652
21422629
21422386
21422221
21422205
21422201
21421900
21421655
21421389
21421018
21420640
21420479
21420132
21419567
21419480
21419164
21418976
21418920
21418635
21418010
21338378
21338318
21338206
21337071
21336856
21336726
21336624
21336323
21336230
21336094
21335924
21335737
21335520
21335213
21334713
21334582
21334249
21334246
21333658
21333427
21314380
21314053
21313765
21313519
21313108
21312928
21312823
21312682
21312420
21311874
21311724
21311658
21311625
21311439
21310927
21310886
21310633
21310625
21310293
21310242
21320353
21320117
21320067
21319853
21319777
21319711
21318995
21318762
21318414
21318269
21318063
21317465
21317173
21317024
21316709
21316440
21316317
21316105
21315316
21314830
21310234
21310186
21310169
21310104
21310028
21309860
21309444
21309188
21309120
21308886
21308229
21307545
21307450
21307070
21307025
21306959
21306788
21306746
21306338
21305936
21355281
21354528
21354487
21354089
21353918
21353470
21353425
21353253
21352035
21351879
21351546
21350847
21350393
21350172
21349888
21349843
21349820
21349805
21349498
21348333
21298198
21298098
21298023
21297808
21297710
21297480
21297465
21297102
21296899
21296716
21296671
21296629
21296300
21296285
21296277
21296151
21296132
21295537
21295267
21295182
21294939
21294907
21294857
21294818
21294604
21294084
21294024
21293080
21292962
21292935
21292389
21292346
21292124
21291582
21291527
21291431
21290721
21290312
21289372
21289048
21280680
21280057
21280014
21279212
21278663
21278180
21278107
21278058
21278053
21278025
21277786
21277463
21276765
21276463
21276344
21276314
21276151
21276127
21276043
21276038
21275440
21275198
21274876
21274315
21273452
21273293
21273046
21272782
21272372
21272106
21272003
21271666
21271277
21270766
21270492
21269432
21269406
21269025
21268780
21268672
21305480
21304630
21304559
21304404
21304235
21304146
21303951
21303507
21303472
21303362
21302922
21302809
21301560
21301116
21299862
21299790
21299491
21299298
21298975
21298271
21268633
21268273
21268178
21268160
21267877
21267419
21267050
21266686
21265729
21265375
21265181
21264971
21264181
21263961
21263248
21262627
21261668
21261480
21261381
21261317
21261123
21261105
21260853
21259769
21259731
21259643
21259392
21259032
21258964
21258624
21258436
21257749
21257281
21257145
21255128
21254731
21254587
21253125
21252592
21252464
21251793
21251369
21250296
21250211
21249342
21249126
21248827
21248554
21248380
21248328
21248195
21248154
21248070
21247119
21245784
21245286
21244375
21244309
21244245
21244128
21243601
21243160
21243132
21242446
21241525
21241396
21241284
21240714
21240152
21240079
21240047
21239914
21239897
21239377
21238280
21238234
21238122
21237488
21237451
21236584
21236258
21235888
21235559
21235245
21234994
21234596
21234282
21234255
21233943
21233817
21233550
21233501
21232998
21232905
21232401
21232001
21231946
21231831
21231655
21231370
21228046
21226894
21226826
21226641
21226614
21226305
21225798
21225641
21225445
21225267
21224796
21224656
21224358
21224193
21223825
21222701
21222456
21222185
21221902
21221871
21231359
21231342
21231326
21231010
21230899
21230844
21230603
21230416
21230107
21229980
21229890
21229709
21229546
21229530
21229442
21229183
21229119
21229089
21228405
21228122
21288613
21288323
21288299
21287524
21287279
21287245
21287172
21286821
21286611
21286564
21285604
21284857
21283796
21283616
21283162
21282830
21282388
21282304
21281473
21281289
21221173
21220644
21220399
21220264
21220255
21220225
21220201
21219528
21219503
21219281
21218805
21218768
21218187
21218055
21217847
21217684
21216943
21216942
21216641
21216570
21208030
21208029
21207761
21207616
21206809
21206515
21205094
21204751
21204742
21204517
21204476
21204395
21204046
21203314
21202289
21201445
21199904
21199261
21199072
21198321
21216435
21216254
21215833
21215639
21214378
21214326
21213982
21213702
21212964
21212340
21212123
21212080
21211942
21211844
21211839
21211676
21211324
21211274
21210528
21208108
21197970
21197828
21197731
21197569
21197356
21196974
21196822
21196810
21196412
21196096
21195942
21195827
21195669
21194537
21194425
21194379
21194131
21194000
21192666
21192289
21192218
21192171
21192138
21190994
21190176
21190090
21189788
21189442
21189331
21189303
21189214
21188759
21188153
21188120
21187991
21187942
21187916
21187768
21187236
21187105
21186907
21186799
21186656
21186360
21185776
21185731
21185717
21185314
21184972
21184793
21184735
21183893
21183647
21183587
21182957
21182818
21182737
21182430
21181753
21181729
21174166
21173907
21173856
21172918
21172659
21172048
21171803
21171557
21171525
21171427
21170322
21170308
21169378
21168369
21168131
21167993
21167646
21167318
21167062
21166295
21181500
21181425
21181201
21180995
21179057
21178783
21178682
21178548
21178426
21178371
21177707
21177557
21177534
21177397
21177282
21176664
21175127
21174928
21174822
21174621
21149356
21149023
21147419
21147167
21147080
21147075
21146685
21146622
21146299
21146064
21145957
21145724
21145704
21145572
21145311
21145164
21145088
21144991
21144975
21144789
21154031
21153492
21153395
21153304
21153204
21153189
21152773
21152475
21152352
21152043
21151918
21151438
21150926
21150809
21150624
21150411
21150175
21150137
21150072
21149997
21162101
21161543
21161531
21161426
21161252
21161140
21159438
21158916
21158792
21158554
21157155
21156652
21156600
21156167
21156148
21155742
21155200
21155064
21154722
21154678
21137107
21137056
21136812
21136392
21136248
21136047
21135934
21135267
21134882
21134533
21133935
21133578
21133301
21133186
21132967
21132449
21132395
21132248
21131974
21131760
21131723
21131595
21131550
21131506
21131434
21131341
21131077
21129984
21129879
21129848
21129650
21128344
21128219
21128149
21128008
21127994
21127620
21127441
21127027
21126931
21126890
21126001
21125925
21125504
21124554
21124167
21123971
21123693
21123623
21123380
21123029
21123020
21122896
21122643
21122580
21122534
21122464
21122407
21122340
21122262
21166177
21166101
21165811
21165719
21165567
21165516
21165478
21165204
21165192
21165033
21164886
21164857
21164184
21163465
21163164
21163017
21162494
21162309
21162249
21162157
21122210
21121945
21121922
21121788
21121689
21120974
21118959
21118450
21118263
21117745
21117728
21117332
21117141
21116734
21116692
21116317
21116155
21116105
21116085
21116076
21115686
21115635
21115611
21115356
21115254
21115168
21115051
21114963
21114682
21114627
21113213
21112884
21112582
21112122
21111916
21111857
21111650
21111421
21110601
21110435
21110416
21110152
21110032
21109309
21107888
21107446
21107179
21107028
21106849
21105956
21105779
21105398
21105160
21105158
21105101
21105083
21104814
21104720
21104485
21104448
21144592
21144103
21143270
21142710
21142314
21142277
21141905
21141644
21141633
21141569
21141364
21141343
21139925
21139905
21139638
21139631
21139395
21137954
21137862
21137258
21092377
21092002
21091414
21091334
21091165
21091150
21090977
21090675
21090039
21089617
21089129
21089020
21088985
21088975
21088538
21087594
21087587
21087565
21087544
21087509
21098520
21098285
21097908
21097462
21096913
21096908
21096897
21096893
21096842
21096507
21096293
21096180
21095884
21095787
21095395
21094830
21094298
21093706
21093603
21092888
21083276
21082960
21082946
21082109
21082025
21081950
21081350
21081165
21080105
21079633
21079610
21078820
21078691
21078647
21078260
21077734
21077484
21077463
21077403
21077292
21077229
21075958
21075830
21075782
21074282
21073869
21073657
21073627
21073530
21073178
21072770
21072571
21072543
21072117
21071304
21070953
21070799
21070724
21070685
21070566
21069974
21069962
21069623
21069523
21069430
21069244
21069028
21069017
21068232
21067740
21066943
21066901
21066891
21066706
21066458
21065676
21065634
21065083
21064873
21064541
21104191
21103401
21103032
21102902
21102774
21102742
21102735
21102727
21102430
21101809
21101787
21101736
21101708
21101624
21101164
21100503
21099756
21099528
21099527
21098594
21064496
21064397
21063852
21063526
21063466
21063424
21063328
21061678
21061455
21061244
21060919
21060528
21060511
21060381
21058876
21058855
21058756
21058098
21058058
21057949
21057126
21057045
21056427
21056176
21055814
21055332
21055069
21054620
21054294
21053910
21053830
21053680
21053504
21053263
21052262
21052161
21051962
21050921
21050918
21050906
21050800
21050319
21049781
21049720
21049646
21049483
21049369
21049357
21049271
21048755
21048280
21047934
21047664
21047558
21047467
21047042
21046930
21046662
21046648
21045819
21036964
21036339
21035872
21035241
21034228
21033639
21033547
21033322
21033203
21032893
21032804
21032419
21031605
21031410
21030334
21030206
21029899
21028879
21028483
21027787
21027765
21025598
21024818
21023482
21023426
21022412
21021903
21021501
21021476
21021128
21021075
21021004
21020981
21020795
21020212
21019838
21018994
21018955
21018620
21018402
21018094
21016354
21016307
21015994
21015977
21015286
21015103
21015043
21014740
21014380
21013464
21012363
21012171
21011918
21011551
21011437
21011329
21010746
21010587
21010297
21009740
21009000
21008760
21008437
21008248
21007900
21007588
21007196
21007154
21006475
21006238
21005825
21005791
21005136
21004729
21004420
21002825
21002394
21002351
21002296
21002147
21001701
21001628
21001482
21001466
21001238
21000816
21000307
20999663
20999266
20998797
20998664
20998303
20996422
20995837
20995211
20994574
20994463
20994053
20992971
20991964
20991837
20990924
20990907
20990891
20990858
20990420
20990057
20989486
20989435
20989309
20988259
20987904
20987053
20986769
20985543
20985532
20985332
20984864
20984462
20983925
20983486
20983179
20982441
20982369
20982317
20982247
20982217
20981812
20981581
20981482
20980783
20980777
20979815
20979772
20979011
20978957
20978362
20978169
20977854
21045718
21045699
21044260
21043851
21043586
21043236
21042192
21040823
21040546
21040530
21039755
21039386
21039177
21038519
21038480
21038225
21038113
21037987
21037984
21037596
20971795
20971436
20970965
20970606
20970233
20969812
20969668
20969027
20968371
20967726
20967639
20967521
20967201
20967104
20967003
20966468
20964604
20963917
20963730
20963551
20977585
20977575
20977352
20976757
20975946
20975856
20975535
20975429
20974667
20974150
20974101
20974069
20973597
20973075
20972736
20972686
20972671
20972571
20972307
20972120
20957233
20957212
20956533
20955298
20955131
20954875
20954587
20953239
20952859
20952564
20952560
20952331
20951914
20951776
20951531
20951471
20951447
20951336
20950918
20950916
20963180
20962685
20962361
20962292
20962000
20961852
20961320
20961294
20961255
20961252
20961245
20960666
20960058
20959264
20959222
20958995
20958825
20957891
20957870
20957368
20950745
20950715
20950677
20950513
20950493
20950076
20949059
20948828
20948795
20948504
20948425
20948342
20947853
20947527
20947042
20946813
20946233
20946130
20946090
20946083
20946070
20945223
20944639
20944306
20943684
20943203
20942218
20941809
20941750
20941724
20941721
20940919
20940912
20940908
20940890
20940417
20940341
20939919
20937552
20937246
20937169
20936915
20936909
20936819
20936717
20936225
20936194
20935885
20935602
20935470
20935453
20935384
20935180
20935166
20934985
20934884
20934602
20934588
20934064
20934038
20933975
20933373
20933369
20932783
20932455
20932219
20930052
20930020
20929531
20929418
20928983
20928565
20928478
20928400
20928275
20928174
20928061
20927525
20927239
20926354
20926096
20925887
20924997
20924556
20924488
20924472
20924308
20923916
20923822
20923729
20923723
20923237
20923216
20922965
20922880
20922292
20922040
20921202
20920662
20920267
20919463
20919461
20919325
20918905
20918875
20918866
20916998
20916793
20915872
20915783
20915646
20915462
20914718
20914661
20914502
20914310
20913768
20913586
20913524
20912918
20912890
20912882
20912583
20911914
20911625
20911400
20911018
20910971
20910757
20910677
20910507
20910011
20909933
20909032
20908612
20908376
20907875
20907575
20907122
20907071
20906382
20906058
20905979
20905873
20905830
20905669
20905266
20905124
20904654
20904548
20904151
20904059
20903964
20903719
20903179
20903049
20902900
20902526
20902425
20902292
20895583
20895405
20895041
20894737
20894682
20894665
20894023
20893889
20893852
20893730
20893633
20893307
20893135
20892458
20892401
20892216
20891474
20890808
20890614
20890252
20901730
20901713
20901617
20901232
20900907
20900680
20900387
20900156
20899852
20899377
20899030
20898897
20898638
20898623
20898353
20898319
20897953
20896146
20895897
20895839
20890218
20890052
20889892
20889824
20889600
20889317
20889265
20889136
20888531
20888456
20888212
20888168
20887767
20887744
20887668
20887624
20887477
20887475
20887461
20887410
20887196
20887177
20887138
20887000
20885693
20884020
20883486
20883474
20883397
20883247
20883176
20883048
20882719
20882695
20882612
20882517
20882415
20882285
20881591
20881395
20881354
20881353
20881181
20881126
20880766
20880659
20880638
20880577
20880508
20880453
20880423
20880407
20880310
20879365
20878745
20878198
20877698
20877367
20877153
20876921
20876913
20876894
20876771
20876621
20876391
20875948
20875923
20875769
20875269
20875264
20875038
20874988
20874713
20874696
20874481
20874108
20874039
20873898
20873731
20873717
20873499
20873337
20872886
20872760
20872346
20872206
20871390
20871333
20870816
20870454
20870373
20870313
20869534
20868971
20868729
20868523
20868436
20867604
20867419
20867390
20866080
20865822
20865511
20865453
20865438
20865248
20864936
20864295
20863910
20863521
20863516
20863501
20863384
20862533
20862294
20861956
20861916
20861856
20861842
20861739
20857539
20856820
20856585
20856504
20855815
20855787
20855572
20855529
20855481
20855341
20855290
20855280
20855140
20855034
20854748
20854290
20853868
20853863
20852833
20852409
20852155
20851422
20851331
20851100
20850898
20850746
20850209
20849617
20849063
20848598
20848339
20847944
20847571
20847177
20846858
20846437
20845977
20845887
20845393
20845328
20845163
20845028
20844358
20844163
20843709
20843636
20843383
20843237
20842962
20842428
20842393
20842253
20841733
20841673
20841617
20841360
20841340
20841253
20841250
20841023
20840765
20840178
20839629
20839226
20839174
20838965
20838037
20837809
20837475
20837468
20837137
20836094
20835862
20835631
20834937
20834685
20834460
20833610
20833363
20833229
20832818
20832750
20832335
20832280
20832152
20831984
20831414
20831277
20830933
20830095
20828801
20827819
20827401
20826816
20826754
20826005
20825956
20825889
20825510
20825500
20825388
20824711
20824326
20823180
20822943
20822857
20822718
20822712
20822395
20822166
20821968
20821929
20821534
20821427
20821279
20820651
20820205
20820108
20819866
20819797
20861725
20861676
20861056
20860751
20860624
20860523
20860496
20860266
20860246
20860225
20860208
20859618
20859587
20859292
20858790
20858560
20858543
20858305
20858172
20857741
20819078
20818658
20818428
20818071
20817279
20817258
20817042
20816726
20816707
20815865
20815405
20814881
20814502
20814142
20813145
20812884
20812749
20812694
20812490
20812383
20812243
20811417
20811211
20810405
20809838
20809595
20808889
20808833
20808005
20807857
20807381
20807223
20806721
20805705
20805401
20805157
20804370
20803646
20803543
20803471
20796877
20796104
20795089
20794844
20794606
20794213
20794102
20794009
20793912
20793786
20793567
20792008
20791872
20791592
20790689
20790223
20790096
20789486
20789013
20788821
20788320
20787889
20787803
20787796
20787422
20787284
20787110
20786286
20786261
20786046
20786043
20786032
20785688
20785684
20785366
20785227
20785144
20784979
20784319
20783920
20783101
20783008
20782512
20782114
20781931
20781843
20781826
20781313
20780829
20780508
20780250
20779806
20778937
20778805
20778782
20778147
20778124
20777850
20776333
20776223
20775863
20775782
20775750
20775727
20775168
20775001
20774813
20774687
20773840
20773703
20773528
20773443
20772997
20772961
20772942
20772822
20772503
20772391
20771908
20771257
20771207
20770512
20770459
20770209
20770184
20769963
20769800
20769591
20769521
20769098
20768798
20768731
20768337
20767752
20767735
20767498
20767458
20767170
20766926
20766704
20766698
20766465
20766420
20766135
20765548
20765542
20765475
20765140
20764325
20763918
20763893
20763753
20763461
20763450
20763401
20763151
20762891
20762404
20762350
20761890
20803227
20802963
20802636
20802633
20802554
20802388
20801901
20801725
20801270
20801051
20801032
20800928
20800850
20800181
20799684
20799250
20799100
20798598
20797869
20797641
20761424
20761075
20760376
20760234
20759862
20759429
20759269
20759053
20758694
20757766
20757658
20757462
20757316
20757297
20757218
20756925
20756092
20755887
20755716
20754561
20754429
20754017
20753556
20753102
20753035
20752674
20752585
20751756
20750850
20750645
20750381
20750219
20749210
20749013
20748843
20748758
20748694
20747841
20747535
20746674
20746558
20745791
20745642
20745490
20745022
20744805
20744336
20744213
20744033
20743854
20743648
20743365
20742007
20741610
20741356
20741286
20740036
20739827
20738170
20738112
20728879
20728873
20728719
20728253
20727434
20727344
20727054
20725115
20725093
20724804
20724496
20724391
20723953
20723826
20723714
20723676
20723525
20723421
20723276
20723192
20716915
20716458
20716434
20714629
20714056
20712893
20712738
20712410
20712400
20711953
20711919
20711868
20710997
20710913
20710834
20709845
20709836
20709763
20709670
20709286
20722169
20721496
20721056
20720974
20720922
20720593
20720504
20719417
20719246
20719213
20719142
20718982
20718954
20718817
20718765
20718619
20718479
20718381
20718206
20717383
20707149
20706839
20706596
20706554
20705971
20705650
20704646
20703309
20703238
20702625
20702400
20702058
20701568
20701234
20700321
20699885
20699861
20699721
20699527
20699032
20697705
20697603
20697502
20696577
20695884
20695651
20695345
20695128
20695058
20695024
20695018
20694027
20693818
20692864
20692418
20692219
20692110
20691964
20691637
20691196
20737923
20737819
20737796
20737467
20736829
20735827
20735532
20735491
20734834
20734451
20734269
20733872
20733528
20733216
20732275
20732054
20731466
20731457
20730902
20730578
20677768
20677443
20677209
20676743
20676463
20676290
20675826
20675806
20675613
20675373
20675342
20675162
20674796
20673598
20671925
20671692
20671113
20670909
20670809
20670214
20686178
20685985
20685852
20685596
20685532
20683566
20682656
20682639
20681938
20681520
20681422
20681383
20680641
20680534
20680412
20679386
20678999
20678965
20678464
20677917
20691101
20690784
20690557
20690436
20690306
20690295
20690129
20689746
20689287
20688486
20688336
20688202
20687893
20687225
20687056
20686871
20686845
20686670
20686473
20686467
20669994
20668834
20668091
20668029
20667938
20667770
20667749
20667704
20666620
20665155
20663918
20662329
20661056
20660819
20660747
20660613
20660526
20658570
20658206
20658091
20658016
20656720
20655659
20655647
20655549
20653943
20653813
20652975
20652791
20652449
20652293
20651619
20651596
20651490
20650137
20650046
20649460
20649312
20649282
20649060
20649054
20648061
20648035
20647902
20647707
20647367
20645432
20645406
20644939
20644225
20643989
20643793
20643452
20643379
20643097
20642164
20642097
20641887
20641815
20641804
20641697
20641469
20639631
20639268
20638020
20637886
20636678
20636656
20636323
20636182
20635838
20634765
20634483
20633784
20633780
20633707
20633646
20633448
20633317
20633209
20633068
20632935
20632882
20632656
20632014
20631963
20631817
20631636
20631374
20631130
20630657
20629674
20628826
20628646
20628387
20628276
20627755
20627025
20626697
20626654
20625804
20625611
20625434
20624852
20624376
20624314
20624194
20622967
20622864
20622525
20622407
20621645
20621424
20621414
20620707
20620649
20620317
20620288
20620168
20619818
20619780
20619527
20618988
20618328
20617451
20617304
20616058
20615989
20615754
20615366
20614191
20613593
20612435
20612095
20612042
20611742
20610561
20609985
20609549
20609343
20608853
20608474
20607862
20606320
20605607
20605479
20605267
20604655
20604213
20603979
20603674
20603502
20602250
20601944
20601928
20601284
20601267
20601201
20600573
20598235
20589594
20588379
20587769
20587056
20586937
20586785
20586021
20586014
20584459
20584399
20584331
20584304
20584221
20583414
20583143
20582986
20582981
20582104
20581041
20580940
20575236
20575167
20574938
20574529
20574058
20573933
20573748
20573692
20573687
20573668
20573652
20573582
20572535
20572423
20572333
20571950
20571661
20571426
20571212
20570965
20580175
20579660
20579437
20579280
20579194
20579069
20578964
20578900
20578586
20577958
20577517
20577056
20576771
20576705
20576079
20576018
20575841
20575831
20575466
20575414
20570930
20570923
20570435
20570305
20570259
20570248
20569522
20569109
20567817
20567113
20567054
20566419
20566405
20566080
20566054
20565664
20564771
20564430
20564328
20563914
20563736
20563705
20563581
20563392
20562724
20561751
20561494
20561437
20561343
20560536
20560114
20559159
20559062
20558935
20558930
20558855
20558710
20557709
20557298
20556303
20556204
20556123
20556024
20555881
20555608
20555086
20554806
20554582
20551271
20550487
20550361
20550134
20548181
20548157
20548024
20547212
20547098
20547052
20546869
20546155
20545746
20545161
20544944
20544210
20543856
20543151
20542764
20542478
20541971
20541796
20541574
20541546
20541419
20541390
20541338
20540682
20540663
20540341
20540080
20539952
20539736
20539664
20538990
20538357
20538347
20537431
20536421
20536119
20535866
20535463
20535395
20535325
20534635
20534577
20534277
20533982
20533469
20533372
20532412
20532381
20516794
20516721
20516561
20515750
20514974
20514732
20514689
20514103
20514047
20514029
20513424
20512829
20512711
20512251
20512202
20512132
20511484
20511433
20511271
20511175
20532199
20531756
20531187
20530480
20529780
20529773
20529636
20528905
20528758
20528378
20528018
20527310
20526153
20526147
20525985
20525883
20525251
20524290
20524088
20523983
20523819
20523374
20523187
20522657
20521643
20521322
20519863
20519410
20519289
20519192
20519128
20519068
20518952
20518591
20518444
20518244
20517711
20517536
20517487
20517185
20511107
20511073
20510933
20510688
20510248
20510245
20509981
20509646
20508684
20508584
20508301
20508283
20507836
20507729
20507608
20507451
20507442
20507304
20507271
20505613
20505547
20505229
20504679
20504672
20504648
20504094
20504034
20503774
20503748
20503591
20503583
20503539
20502660
20502652
20502593
20502472
20502381
20502272
20502169
20501442
20494689
20494308
20494230
20493873
20493749
20493554
20493464
20493099
20492780
20492619
20492528
20491891
20491217
20490958
20490897
20490729
20490346
20490085
20489248
20488930
20488341
20487194
20486469
20486373
20485905
20485674
20485627
20485619
20485555
20485329
20485287
20485022
20484626
20483820
20483812
20483546
20483464
20483326
20483153
20482761
20473356
20472444
20472129
20470668
20470618
20470440
20470402
20469755
20469752
20469741
20469739
20469731
20469470
20469459
20469457
20469453
20469445
20469433
20468139
20467834
20501084
20500668
20500499
20499860
20499619
20499138
20497831
20497782
20497614
20497508
20497450
20497404
20497281
20496899
20496850
20496762
20496308
20496169
20496153
20495341
20467755
20467696
20467655
20466810
20466358
20465759
20465461
20465313
20465310
20464686
20464626
20463636
20463607
20463560
20463423
20463253
20463144
20462969
20462935
20462723
20462642
20462354
20462267
20461757
20461524
20461512
20460955
20460605
20460137
20459898
20459506
20459453
20458824
20458556
20458510
20458496
20458125
20457170
20456346
20456081
20454996
20454922
20454582
20454274
20454010
20453735
20453652
20453628
20453114
20452540
20452450
20451878
20451691
20451023
20451004
20450565
20450396
20449998
20449303
20449160
20449091
20448587
20448525
20447971
20447611
20447251
20447051
20446770
20446511
20446281
20446066
20445490
20445208
20444756
20444444
20443931
20443877
20443661
20442811
20442192
20441610
20441601
20441111
20440481
20440116
20438986
20438818
20438772
20438398
20438394
20437946
20437173
20437166
20437073
20436674
20435991
20435856
20435785
20435060
20434486
20481374
20481109
20480677
20480670
20480665
20480539
20480475
20480227
20478800
20478047
20477662
20476332
20475415
20475198
20474623
20474622
20474202
20473899
20473633
20473619
20434427
20434404
20434208
20433835
20433756
20433414
20432640
20432636
20432484
20432339
20431959
20431282
20431243
20431213
20430955
20430456
20430315
20429734
20429276
20428422
20428387
20427106
20427053
20427024
20426943
20426931
20426879
20426290
20426199
20425866
20425513
20425423
20425007
20425005
20424328
20423649
20423331
20423288
20422894
20422690
20407216
20406902
20406900
20406673
20406525
20405859
20405264
20404616
20404327
20404295
20404227
20403887
20402468
20401217
20400881
20400734
20400689
20400584
20400456
20400108
20422303
20422274
20421401
20421310
20420883
20420164
20419931
20419506
20417986
20417316
20416624
20416529
20416397
20415883
20415147
20414346
20413945
20413871
20413356
20413235
20413191
20412424
20412166
20412012
20411993
20411707
20411253
20410930
20410842
20410794
20410672
20410428
20410367
20410107
20409906
20409419
20408897
20408513
20408134
20407920
20393768
20393071
20392998
20392841
20392669
20392615
20392352
20392326
20392217
20391575
20391242
20391227
20391179
20391147
20390411
20389486
20389437
20389412
20389012
20387980
20399587
20399240
20398685
20398428
20398249
20398056
20397892
20397756
20397149
20396966
20396847
20396511
20396267
20396255
20396072
20395540
20395258
20395247
20394847
20394789
20387820
20387803
20387383
20387037
20386816
20386349
20386155
20385840
20385808
20385789
20385006
20383200
20382738
20382632
20382478
20382417
20381905
20381854
20381361
20381047
20380099
20380051
20379764
20379759
20379758
20379572
20378086
20377697
20377651
20377213
20376848
20376721
20376382
20376288
20375611
20375594
20375390
20375283
20375091
20374338
20373658
20373653
20373250
20372087
20371462
20370299
20370187
20369184
20369078
20368794
20368193
20367872
20367655
20364850
20364671
20364515
20363555
20362994
20362703
20362300
20357262
20357253
20357189
20356436
20355549
20354774
20354133
20354100
20353913
20353079
20352947
20352895
20352621
20352543
20352372
20352350
20352156
20351582
20351324
20351213
20350096
20350093
20349680
20348900
20347675
20346744
20346451
20346225
20345809
20345740
20345561
20345559
20345021
20344988
20344810
20343394
20343216
20342848
20342123
20341903
20341217
20340993
20340870
20340641
20340237
20340124
20339924
20339737
20339686
20339241
20339193
20339072
20338900
20338313
20337945
20337893
20337842
20337770
20337331
20337111
20362141
20362038
20362014
20361965
20361578
20361571
20361497
20361453
20361398
20361218
20360695
20360407
20360339
20360309
20359928
20359801
20359667
20359423
20358792
20358541
20336986
20336730
20336590
20336170
20336085
20335584
20335532
20335327
20334215
20334173
20334054
20333926
20333560
20333553
20333170
20332836
20332730
20331972
20331808
20330525
20330319
20329947
20329756
20329284
20329219
20328732
20328653
20328300
20328283
20328038
20327675
20326197
20325888
20325698
20325525
20325260
20325157
20325123
20324996
20324920
20323996
20323768
20323713
20323701
20323625
20323593
20323309
20323183
20323170
20322706
20322597
20321813
20320984
20320803
20320279
20320001
20319139
20318764
20318742
20318677
20318410
20318342
20318244
20318236
20318230
20317557
20316857
20316823
20316099
20315824
20315764
20315543
20315110
20315071
20315007
20314552
20314159
20314037
20313781
20313338
20312938
20312744
20312136
20312078
20311048
20310373
20310074
20309754
20308543
20308356
20308296
20308241
20307622
20307596
20307575
20307031
20306822
20306624
20305586
20305454
20293272
20291545
20291435
20291238
20291153
20290609
20290499
20290381
20290031
20289961
20289792
20288560
20288077
20286997
20286125
20286099
20285490
20285049
20284158
20282885
20258654
20258182
20257893
20256774
20256639
20256321
20255797
20253959
20253947
20253920
20253917
20253763
20253688
20253340
20252791
20252488
20252444
20252280
20252242
20252180
20304919
20304797
20304375
20303329
20302821
20302759
20301716
20299395
20298783
20298141
20298031
20297981
20297162
20297100
20296905
20296333
20296110
20295256
20294922
20294488
20282673
20282544
20282296
20281993
20281281
20280762
20280703
20279954
20279752
20279057
20278915
20278166
20278003
20277742
20277465
20277425
20277415
20276972
20275344
20273702
20265845
20265554
20265402
20265091
20264500
20264338
20264087
20264065
20263889
20263679
20263649
20263070
20262716
20261041
20260751
20260463
20260459
20260433
20259927
20258842
20251188
20250473
20250087
20250072
20249513
20249213
20248716
20248667
20248545
20248276
20247893
20247291
20246461
20245822
20245345
20244667
20243271
20243143
20242279
20242066
20241742
20241009
20240187
20239806
20239406
20239347
20239152
20238646
20238069
20237210
20236422
20235799
20235712
20235277
20234831
20234707
20234033
20233458
20233263
20232960
20232105
20231891
20231287
20231133
20230470
20230263
20230161
20230075
20229637
20229326
20228530
20228001
20227687
20227568
20227557
20227555
20227303
20226776
20226493
20226401
20217804
20217368
20217307
20217006
20216959
20216885
20216565
20216110
20215882
20215765
20215552
20215395
20215382
20214558
20214557
20214410
20214294
20214261
20212809
20212538
20226010
20225929
20225444
20224157
20223606
20223509
20223401
20223307
20223048
20223022
20222879
20222132
20221457
20220959
20220446
20220172
20220087
20219637
20219473
20218482
20212533
20212504
20212495
20211994
20211993
20211982
20211861
20211563
20211006
20210724
20210681
20210623
20210410
20210349
20210268
20210151
20209866
20209716
20209644
20209178
20208934
20208244
20208212
20208001
20207927
20207436
20207391
20207153
20207063
20207015
20206692
20205155
20204966
20204826
20204470
20203976
20203830
20203514
20203028
20201909
20201832
20201028
20200990
20199877
20199842
20199215
20199039
20197787
20197580
20197533
20196705
20196605
20195590
20195502
20194746
20194479
20193789
20193739
20193431
20193310
20179040
20178805
20178772
20178603
20178342
20177846
20177485
20177322
20177196
20176979
20176949
20176753
20176346
20175952
20175721
20174997
20174818
20174583
20174536
20174528
20186312
20186218
20185939
20185797
20185366
20185195
20184207
20184094
20183061
20182889
20182565
20182470
20182403
20181584
20181201
20180690
20179809
20179587
20179485
20179118
20192615
20192570
20192477
20192395
20192194
20191777
20190705
20190541
20189651
20188651
20188332
20188185
20187953
20187796
20187669
20187665
20187579
20187275
20187181
20186657
20174513
20174509
20174410
20174316
20174091
20173838
20173519
20172906
20171756
20171469
20171050
20171045
20170480
20169548
20169080
20168884
20167766
20167357
20166843
20166551
20165993
20165951
20165047
20165003
20164873
20164421
20164348
20163863
20163344
20162517
20162498
20162056
20160934
20160930
20160368
20159962
20159599
20158971
20158623
20158361
20158312
20158094
20158033
20157693
20157464
20157089
20156300
20156032
20155705
20155696
20155395
20155368
20155363
20155220
20154921
20154606
20154249
20154101
20154066
20154005
20153577
20153533
20153431
20153274
20153166
20152129
20151692
20151618
20151443
20150966
20150420
20149490
20148716
20148555
20148274
20147303
20147269
20146784
20146005
20145685
20145366
20145298
20144998
20144945
20144779
20143864
20143732
20143497
20143239
20143165
20142962
20142736
20142596
20142507
20142441
20142033
20142006
20141688
20141470
20140920
20140579
20140055
20139964
20139607
20139057
20139016
20138324
20138089
20137444
20137306
20136353
20136192
20136024
20135914
20135661
20135482
20135428
20135264
20135161
20135077
20134818
20134186
20133813
20133351
20133086
20132789
20132737
20131484
20131007
20130951
20130704
20130628
20129946
20128849
20128705
20128215
20128197
20127290
20126415
20126410
20126402
20126359
20125132
20124814
20124522
20123940
20123504
20123288
20122549
20122077
20121770
20121722
20121670
20121074
20120954
20120883
20120201
20119890
20117197
20116695
20105591
20104888
20104350
20104287
20103243
20103050
20102075
20101797
20100605
20100420
20100083
20099905
20099820
20099151
20098656
20097834
20097815
20097501
20096689
20096166
20084524
20084212
20083474
20083214
20083077
20081746
20081581
20081208
20081033
20080572
20080241
20080191
20079815
20078741
20078625
20078493
20077774
20077690
20076811
20075060
20095741
20095550
20094942
20094686
20093682
20091674
20090537
20089593
20089474
20089381
20089370
20087817
20087586
20087427
20087387
20086895
20086767
20085608
20085266
20085098
20116031
20115727
20115724
20115319
20113545
20111872
20111817
20111793
20110974
20110899
20108768
20108306
20107931
20107476
20107410
20107113
20106177
20106166
20105786
20105594
20074684
20074623
20073113
20072967
20071581
20071449
20071313
20071127
20070746
20070590
20070436
20069884
20069734
20069700
20069120
20068411
20068251
20067932
20067679
20067090
20060811
20059840
20059128
20058898
20058766
20058727
20058692
20058630
20058035
20057963
20057547
20057473
20057366
20057147
20056512
20056458
20055938
20055884
20054774
20054723
20054494
20054343
20054323
20054086
20053753
20053526
20053196
20052855
20052831
20052767
20052695
20051971
20051223
20051193
20051063
20050443
20049119
20049064
20048823
20048701
20066805
20065359
20065291
20065086
20064380
20064310
20064077
20063892
20063242
20062993
20062990
20062895
20062682
20062653
20062616
20062599
20062221
20061680
20061059
20060897
20040960
20040948
20040893
20040889
20040885
20040869
20040866
20040847
20039214
20038840
20038700
20038642
20038275
20038265
20037934
20037831
20037793
20037211
20037205
20037201
20047209
20046700
20046590
20045561
20044904
20044627
20044624
20044605
20044417
20044066
20043989
20043586
20043576
20043194
20043046
20042678
20041201
20041169
20041153
20040988
20037087
20036865
20035486
20034806
20033868
20033623
20033349
20032851
20031493
20031279
20031258
20030714
20030512
20030352
20030340
20030082
20029848
20029833
20027334
20027289
20011569
20010924
20010516
20009780
20009018
20008976
20008896
20008772
20008421
20008380
20008110
20007854
20007142
20006855
20006712
20006001
20004435
20003754
20002324
20002285
20002234
20002127
20001958
20001672
20001624
20001207
20000685
20000305
20000221
19999408
19997664
19997262
19997088
19996589
19996567
19996504
19995424
19995011
19994926
19994767
20026823
20026386
20025566
20024962
20024436
20024399
20024370
20024273
20023321
20022811
20022546
20022250
20022191
20022036
20021979
20021737
20021193
20020839
20020214
20018395
20018335
20018036
20017485
20017211
20017133
20016874
20015924
20015681
20015515
20015453
20015295
20014880
20013802
20013787
20013767
20013703
20013355
20012985
20012452
20011918
19994735
19994516
19994477
19994419
19993974
19993087
19993083
19993045
19991821
19991535
19991155
19990956
19990887
19990092
19989694
19989279
19988940
19988937
19988766
19988289
19980100
19980093
19980089
19980088
19979789
19979475
19978805
19978522
19978479
19978267
19977057
19976899
19976848
19976165
19975600
19975293
19975024
19974883
19974467
19974171
19974131
19973552
19973524
19973520
19973508
19973482
19972719
19972711
19971773
19971468
19971349
19970635
19969868
19969816
19969776
19969566
19968821
19968758
19968123
19967943
19988108
19987551
19987209
19986665
19986588
19986544
19985896
19985735
19985026
19984939
19982976
19982904
19982900
19982883
19982872
19982489
19981857
19981728
19981498
19981292
19967720
19967667
19967633
19967622
19967619
19967616
19967607
19967595
19967583
19967574
19967547
19966686
19966517
19966440
19964636
19963741
19962725
19962223
19961687
19961593
19961579
19960044
19959943
19958329
19957126
19957072
19956747
19955933
19955884
19955854
19955129
19955078
19954891
19954855
19954428
19952164
19951646
19951284
19951150
19951015
19934824
19934103
19933561
19932985
19932487
19931873
19931709
19931169
19931018
19930351
19929468
19929019
19928626
19928604
19928553
19928399
19928106
19927130
19926805
19925526
19950317
19950302
19949434
19948407
19948337
19944850
19944258
19943074
19942474
19942315
19941377
19941037
19940729
19940555
19940516
19938033
19937691
19936464
19935020
19934888
19914587
19914290
19914236
19912948
19912158
19912142
19912082
19911084
19911024
19910917
19910912
19910846
19910806
19909913
19909712
19909679
19908606
19908081
19908079
19907978
19907941
19907246
19907229
19905741
19905608
19903948
19903924
19902206
19900526
19900371
19900275
19900076
19899198
19898973
19898676
19898152
19897413
19896765
19896104
19895176
19925017
19924242
19924163
19923175
19921311
19921073
19920927
19919313
19918851
19918026
19917371
19917340
19917146
19916851
19916803
19916597
19916561
19916207
19915007
19914919
19894854
19894849
19894255
19894112
19893883
19893726
19893709
19893543
19892886
19892852
19892842
19892623
19890543
19889682
19889286
19888733
19888407
19887696
19886723
19886639
19886410
19884665
19884316
19883740
19883451
19883421
19883178
19882833
19882418
19881648
19880792
19880752
19880353
19879896
19879693
19879676
19879371
19878960
19878818
19878283
19878059
19877910
19877582
19877511
19877055
19876977
19876606
19876171
19875924
19875895
19874936
19874551
19874515
19874495
19874360
19873576
19873557
19873536
19873511
19873505
19868690
19868445
19867783
19867781
19867778
19867645
19867632
19867610
19867330
19866927
19866755
19866673
19866622
19866321
19866293
19866237
19866022
19865934
19865842
19865610
19863007
19862851
19862849
19862738
19862714
19862691
19862247
19862189
19861976
19861828
19861597
19861454
19860957
19860835
19860573
19860337
19859906
19859853
19859805
19859678
19865525
19865511
19865493
19864993
19864989
19864627
19864471
19864461
19864131
19863976
19863858
19863575
19863530
19863526
19863209
19863196
19863163
19863156
19863123
19863021
19857821
19857665
19857585
19857484
19857467
19857461
19857455
19857451
19857428
19857294
19857060
19857004
19856891
19856801
19856728
19856690
19856684
19856513
19856469
19856467
19859659
19859492
19859236
19859145
19859094
19859050
19859011
19858892
19858884
19858647
19858528
19858488
19858377
19858264
19858212
19858208
19858156
19858098
19858009
19857918
19873490
19873482
19873309
19873306
19873293
19872956
19872914
19872230
19872077
19871837
19871828
19870737
19870673
19870503
19870162
19869767
19869207
19868861
19868852
19868780
19855518
19855515
19855514
19855510
19855509
19855506
19855488
19855486
19855398
19855327
19855290
19855280
19855185
19855118
19855091
19855084
19855078
19855073
19855067
19854945
19856464
19856463
19856459
19856456
19856455
19856451
19856449
19856448
19856447
19856444
19856442
19856423
19856419
19856416
19856189
19856114
19855916
19855764
19855562
19855559
19854938
19854686
19854515
19854194
19854157
19854129
19854123
19854121
19853875
19853694
19853638
19853306
19853030
19852948
19852695
19852459
19852135
19851585
19851528
19851307
19850322
19850232
19848901
19848646
19848395
19848124
19848050
19847615
19847394
19847227
19845623
19845296
19844247
19844109
19843137
19842009
19841531
19841520
19841461
19840865
19840161
19839299
19839237
19839199
19838847
19838805
19838514
19837750
19837387
19836946
19836778
19835741
19835713
19835673
19835643
19834881
19834195
19832542
19831684
19831135
19830835
19830772
19830608
19828376
19827942
19827041
19825856
19824253
19824233
19824212
19823629
19822705
19822655
19822564
19822093
19822074
19821884
19821140
19818955
19818486
19816389
19816286
19816285
19816282
19815546
19815439
19813803
19812314
19811256
19810916
19810841
19809055
19807460
19807014
19806355
19806190
19805780
19805771
19803629
19803347
19803325
19802560
19802062
19801830
19801704
19801649
19801510
19801423
19801172
19800180
19799451
19798642
19798062
19797680
19797544
19797360
19796864
19796798
19796719
19795988
19795759
19793846
19793533
19793224
19793201
19793165
19792655
19792329
19791862
19790767
19790081
19788922
19788876
19788374
19787680
19787172
19786809
19786796
19784798
19784127
19782266
19781682
19781386
19780868
19780742
19780460
19780111
19778840
19777952
19777828
19776891
19776748
19776522
19776060
19776021
19775006
19774478
19774344
19774248
19773587
19773217
19772718
19772603
19772427
19772146
19771901
19771476
19771456
19771433
19771254
19771249
19771216
19770494
19768402
19768356
19767875
19766516
19764995
19764624
19764615
19748670
19748603
19748361
19748327
19746961
19746927
19746750
19746353
19744366
19744120
19743847
19742856
19742828
19742120
19741909
19739819
19739117
19738435
19738333
19738082
19763408
19759190
19758987
19758786
19757212
19755787
19755313
19754410
19754361
19754136
19753527
19753350
19752381
19751835
19750207
19749752
19749698
19749598
19749306
19748939
19736635
19736442
19735779
19733055
19732641
19732605
19732325
19731626
19731195
19730044
19729936
19729856
19729355
19729338
19728481
19728414
19728115
19727799
19727724
19725785
19725322
19724159
19724134
19724112
19724023
19723663
19723268
19722211
19722048
19721777
19721004
19720972
19719313
19719217
19718746
19718425
19717833
19717815
19716762
19714603
19712162
19712142
19711682
19710804
19710498
19708830
19708107
19707625
19706839
19705198
19703823
19700424
19700211
19700202
19700099
19698905
19696440
19694715
19693944
19692857
19684633
19683404
19682759
19682735
19682705
19682141
19680733
19680590
19680552
19680537
19680524
19679990
19679969
19679401
19678542
19677001
19676516
19676107
19675846
19675484
19692498
19692469
19692221
19691915
19691761
19691390
19691353
19690858
19690777
19690754
19689352
19689280
19688722
19688392
19687943
19687610
19687489
19687159
19686261
19685105
19673462
19670043
19670000
19669987
19668540
19667336
19667023
19666779
19666625
19665933
19665581
19665417
19664475
19663447
19662985
19661999
19659385
19659058
19658964
19658783
19656105
19655460
19655124
19653427
19652647
19652139
19651805
19651480
19650875
19649853
19647749
19647546
19647535
19647382
19647331
19643203
19642774
19641816
19641752
19641646
19641421
19641334
19638536
19636605
19636304
19636083
19635621
19634823
19634337
19634314
19634304
19634274
19633102
19630566
19630485
19627868
19625415
19624353
19623861
19623578
19623444
19623184
19622952
19622712
19622680
19620947
19620475
19620172
19619169
19618872
19618711
19618312
19617248
19617194
19617088
19616463
19615545
19615044
19614511
19613521
19613116
19612878
19612594
19612507
19612368
19612313
19612204
19611675
19611620
19610245
19609306
19609103
19608550
19608226
19607776
19607370
19606979
19605812
19605722
19605446
19603862
19602766
19600155
19599967
19599844
19598778
19598601
19596945
19596697
19593446
19593194
19592688
19592603
19592473
19592201
19591166
19591060
19590432
19588588
19588006
19587810
19587579
19587496
19587357
19587122
19585980
19585693
19584669
19584538
19584515
19583861
19582992
19582832
19582824
19580027
19579687
19579099
19579011
19578525
19578463
19577176
19577138
19576946
19576030
19574602
19574592
19573440
19573299
19573207
19572410
19572301
19572202
19571382
19571373
19571348
19571336
19571267
19570849
19570649
19570419
19569577
19569110
19568873
19568405
19568118
19567983
19567880
19567134
19566599
19566347
19566332
19566107
19565968
19565649
19565575
19565062
19564366
19564001
19563808
19563800
19563670
19563664
19563655
19563536
19563472
19563349
19563279
19562888
19562744
19562519
19562504
19562501
19561062
19560640
19560416
19560143
19559709
19559059
19558844
19558279
21087481
21087324
21087224
21086455
21085829
21085642
21085594
21085538
21085511
21085100
21085039
21085017
21084724
21084387
21084229
21084174
21083856
21083788
21083767
21083494
20597246
20597039
20596638
20594807
20594793
20594293
20594083
20593555
20593507
20593277
20592041
20591822
20591460
20591146
20591118
20590830
20590782
20590530
20590301
20589954
20273558
20273456
20273450
20273346
20272835
20272769
20271350
20270777
20270575
20270387
20270171
20270086
20270080
20270060
20269910
20268934
20268270
20267816
20267602
20267006
